═════════════════════════════════════════════════════════════
                    🟢 ЗНАЙДЕНО РІШЕННЯ #1:
      0  1  2  3  4  5  6  7  8  9 10 11 12
    ┌───────────────────────────────────────┐
  0 │ 3  6           0  1  1  3  0  1  5  5 │
  1 │ 6  2     4     0  4  5  0  6  1  6  2 │
  2 │ 0  4     0     6  5  6  1  6  3       │
  3 │ 0  2  3  5  2  2  3  3        1       │
  4 │ 6  4  2  4  4  3  5  2        5  0  1 │
  5 │       1  5  4        2        1  4  2 │
    └───────────────────────────────────────┘

   🔢 Кількість використаних доміно: 27
═════════════════════════════════════════════════════════════

═════════════════════════════════════════════════════════════
                    🟢 ЗНАЙДЕНО РІШЕННЯ #2:
      0  1  2  3  4  5  6  7  8  9 10 11 12
    ┌───────────────────────────────────────┐
  0 │ 3  6           0  1  1  3  0  1  5  5 │
  1 │ 6  2     4     0  4  5  0  6  1  6  2 │
  2 │ 0  4     0     6  5  6  1  6  3       │
  3 │ 0  2  3  5  2  2  3  3        1       │
  4 │ 6  4  2  4  4  3  5  2        5  0  1 │
  5 │       1  3  4        2        1  4  2 │
    └───────────────────────────────────────┘

   🔢 Кількість використаних доміно: 27
═════════════════════════════════════════════════════════════

═════════════════════════════════════════════════════════════
                    🟢 ЗНАЙДЕНО РІШЕННЯ #3:
      0  1  2  3  4  5  6  7  8  9 10 11 12
    ┌───────────────────────────────────────┐
  0 │ 3  6           0  1  1  3  0  1  5  5 │
  1 │ 6  2     4     0  4  5  0  6  1  6  2 │
  2 │ 0  4     0     6  5  6  1  6  3       │
  3 │ 0  2  3  5  2  2  3  3        4       │
  4 │ 6  4  2  4  4  3  5  2        5  0  1 │
  5 │       1  3  4        2        1  4  2 │
    └───────────────────────────────────────┘

   🔢 Кількість використаних доміно: 27
═════════════════════════════════════════════════════════════

═════════════════════════════════════════════════════════════
                    🟢 ЗНАЙДЕНО РІШЕННЯ #4:
      0  1  2  3  4  5  6  7  8  9 10 11 12
    ┌───────────────────────────────────────┐
  0 │ 3  6           0  1  1  3  0  1  5  5 │
  1 │ 6  2     4     0  4  5  0  6  1  6  2 │
  2 │ 0  4     0     6  5  6  1  6  3       │
  3 │ 0  2  3  5  2  2  3  3        4       │
  4 │ 6  4  2  4  4  3  5  2        5  0  1 │
  5 │       1  5  4        2        1  4  2 │
    └───────────────────────────────────────┘

   🔢 Кількість використаних доміно: 27
═════════════════════════════════════════════════════════════

═════════════════════════════════════════════════════════════
                    🟢 ЗНАЙДЕНО РІШЕННЯ #5:
      0  1  2  3  4  5  6  7  8  9 10 11 12
    ┌───────────────────────────────────────┐
  0 │ 3  6           0  1  1  3  0  1  5  5 │
  1 │ 6  2     4     0  4  5  0  6  1  6  2 │
  2 │ 0  4     0     6  5  6  1  6  3       │
  3 │ 0  2  3  5  2  2  3  3        1       │
  4 │ 6  4  2  4  4  3  5  2        5  0  1 │
  5 │       1  5  4        2        1  4  2 │
    └───────────────────────────────────────┘

   🔢 Кількість використаних доміно: 27
═════════════════════════════════════════════════════════════

═════════════════════════════════════════════════════════════
                    🟢 ЗНАЙДЕНО РІШЕННЯ #6:
      0  1  2  3  4  5  6  7  8  9 10 11 12
    ┌───────────────────────────────────────┐
  0 │ 3  6           0  1  1  3  0  1  5  5 │
  1 │ 6  2     4     0  4  5  0  6  1  6  2 │
  2 │ 0  4     0     6  5  6  1  6  3       │
  3 │ 0  2  3  5  2  2  3  3        1       │
  4 │ 6  4  2  4  4  3  5  2        5  0  1 │
  5 │       1  3  4        2        1  4  2 │
    └───────────────────────────────────────┘

   🔢 Кількість використаних доміно: 27
═════════════════════════════════════════════════════════════

═════════════════════════════════════════════════════════════
                    🟢 ЗНАЙДЕНО РІШЕННЯ #7:
      0  1  2  3  4  5  6  7  8  9 10 11 12
    ┌───────────────────────────────────────┐
  0 │ 3  6           0  1  1  3  0  1  5  5 │
  1 │ 6  2     4     0  4  5  0  6  1  6  2 │
  2 │ 0  4     0     6  5  6  1  6  3       │
  3 │ 0  2  3  5  2  2  3  3        4       │
  4 │ 6  4  2  4  4  3  5  2        5  0  1 │
  5 │       1  3  4        2        1  4  2 │
    └───────────────────────────────────────┘

   🔢 Кількість використаних доміно: 27
═════════════════════════════════════════════════════════════

═════════════════════════════════════════════════════════════
                    🟢 ЗНАЙДЕНО РІШЕННЯ #8:
      0  1  2  3  4  5  6  7  8  9 10 11 12
    ┌───────────────────────────────────────┐
  0 │ 3  6           0  1  1  3  0  1  5  5 │
  1 │ 6  2     4     0  4  5  0  6  1  6  2 │
  2 │ 0  4     0     6  5  6  1  6  3       │
  3 │ 0  2  3  5  2  2  3  3        4       │
  4 │ 6  4  2  4  4  3  5  2        5  0  1 │
  5 │       1  5  4        2        1  4  2 │
    └───────────────────────────────────────┘

   🔢 Кількість використаних доміно: 27
═════════════════════════════════════════════════════════════

═════════════════════════════════════════════════════════════
                    🟢 ЗНАЙДЕНО РІШЕННЯ #9:
      0  1  2  3  4  5  6  7  8  9 10 11 12
    ┌───────────────────────────────────────┐
  0 │ 3  6           0  1  1  3  0  1  5  5 │
  1 │ 6  2     5     0  4  5  0  6  1  6  2 │
  2 │ 0  4     0     6  5  6  1  6  3       │
  3 │ 0  2  3  5  2  2  3  3        1       │
  4 │ 6  4  2  4  4  3  5  2        5  0  1 │
  5 │       1  4  4        2        1  4  2 │
    └───────────────────────────────────────┘

   🔢 Кількість використаних доміно: 27
═════════════════════════════════════════════════════════════

═════════════════════════════════════════════════════════════
                    🟢 ЗНАЙДЕНО РІШЕННЯ #10:
      0  1  2  3  4  5  6  7  8  9 10 11 12
    ┌───────────────────────────────────────┐
  0 │ 3  6           0  1  1  3  0  1  5  5 │
  1 │ 6  2     5     0  4  5  0  6  1  6  2 │
  2 │ 0  4     0     6  5  6  1  6  3       │
  3 │ 0  2  3  5  2  2  3  3        1       │
  4 │ 6  4  2  4  4  3  5  2        5  0  1 │
  5 │       1  1  4        2        1  4  2 │
    └───────────────────────────────────────┘

   🔢 Кількість використаних доміно: 27
═════════════════════════════════════════════════════════════

═════════════════════════════════════════════════════════════
                    🟢 ЗНАЙДЕНО РІШЕННЯ #11:
      0  1  2  3  4  5  6  7  8  9 10 11 12
    ┌───────────────────────────────────────┐
  0 │ 3  6           0  1  1  3  0  1  5  5 │
  1 │ 6  2     5     0  4  5  0  6  1  6  2 │
  2 │ 0  4     0     6  5  6  1  6  3       │
  3 │ 0  2  3  5  2  2  3  3        1       │
  4 │ 6  4  2  4  4  3  5  2        5  0  1 │
  5 │       1  3  4        2        1  4  2 │
    └───────────────────────────────────────┘

   🔢 Кількість використаних доміно: 27
═════════════════════════════════════════════════════════════

═════════════════════════════════════════════════════════════
                    🟢 ЗНАЙДЕНО РІШЕННЯ #12:
      0  1  2  3  4  5  6  7  8  9 10 11 12
    ┌───────────────────────────────────────┐
  0 │ 3  6           0  1  1  3  0  1  5  5 │
  1 │ 6  2     5     0  4  5  0  6  1  6  2 │
  2 │ 0  4     0     6  5  6  1  6  3       │
  3 │ 0  2  3  5  2  2  3  3        4       │
  4 │ 6  4  2  4  4  3  5  2        5  0  1 │
  5 │       1  3  4        2        1  4  2 │
    └───────────────────────────────────────┘

   🔢 Кількість використаних доміно: 27
═════════════════════════════════════════════════════════════

═════════════════════════════════════════════════════════════
                    🟢 ЗНАЙДЕНО РІШЕННЯ #13:
      0  1  2  3  4  5  6  7  8  9 10 11 12
    ┌───────────────────────────────────────┐
  0 │ 3  6           0  1  1  3  0  1  5  5 │
  1 │ 6  2     5     0  4  5  0  6  1  6  2 │
  2 │ 0  4     0     6  5  6  1  6  3       │
  3 │ 0  2  3  5  2  2  3  3        4       │
  4 │ 6  4  2  4  4  3  5  2        5  0  1 │
  5 │       1  4  4        2        1  4  2 │
    └───────────────────────────────────────┘

   🔢 Кількість використаних доміно: 27
═════════════════════════════════════════════════════════════

═════════════════════════════════════════════════════════════
                    🟢 ЗНАЙДЕНО РІШЕННЯ #14:
      0  1  2  3  4  5  6  7  8  9 10 11 12
    ┌───────────────────────────────────────┐
  0 │ 3  6           0  1  1  3  0  1  5  5 │
  1 │ 6  2     5     0  4  5  0  6  1  6  2 │
  2 │ 0  4     0     6  5  6  1  6  3       │
  3 │ 0  2  3  5  2  2  3  3        4       │
  4 │ 6  4  2  4  4  3  5  2        5  0  1 │
  5 │       1  1  4        2        1  4  2 │
    └───────────────────────────────────────┘

   🔢 Кількість використаних доміно: 27
═════════════════════════════════════════════════════════════

═════════════════════════════════════════════════════════════
                    🟢 ЗНАЙДЕНО РІШЕННЯ #15:
      0  1  2  3  4  5  6  7  8  9 10 11 12
    ┌───────────────────────────────────────┐
  0 │ 3  6           0  1  1  3  0  1  5  5 │
  1 │ 6  2     5     0  4  5  0  6  1  6  2 │
  2 │ 0  4     0     6  5  6  1  6  3       │
  3 │ 0  2  3  5  2  2  3  3        1       │
  4 │ 6  4  2  4  4  3  5  2        5  0  1 │
  5 │       1  4  4        2        1  4  2 │
    └───────────────────────────────────────┘

   🔢 Кількість використаних доміно: 27
═════════════════════════════════════════════════════════════

═════════════════════════════════════════════════════════════
                    🟢 ЗНАЙДЕНО РІШЕННЯ #16:
      0  1  2  3  4  5  6  7  8  9 10 11 12
    ┌───────────────────────────────────────┐
  0 │ 3  6           0  1  1  3  0  1  5  5 │
  1 │ 6  2     5     0  4  5  0  6  1  6  2 │
  2 │ 0  4     0     6  5  6  1  6  3       │
  3 │ 0  2  3  5  2  2  3  3        1       │
  4 │ 6  4  2  4  4  3  5  2        5  0  1 │
  5 │       1  1  4        2        1  4  2 │
    └───────────────────────────────────────┘

   🔢 Кількість використаних доміно: 27
═════════════════════════════════════════════════════════════

═════════════════════════════════════════════════════════════
                    🟢 ЗНАЙДЕНО РІШЕННЯ #17:
      0  1  2  3  4  5  6  7  8  9 10 11 12
    ┌───────────────────────────────────────┐
  0 │ 3  6           0  1  1  3  0  1  5  5 │
  1 │ 6  2     5     0  4  5  0  6  1  6  2 │
  2 │ 0  4     0     6  5  6  1  6  3       │
  3 │ 0  2  3  5  2  2  3  3        1       │
  4 │ 6  4  2  4  4  3  5  2        5  0  1 │
  5 │       1  3  4        2        1  4  2 │
    └───────────────────────────────────────┘

   🔢 Кількість використаних доміно: 27
═════════════════════════════════════════════════════════════

═════════════════════════════════════════════════════════════
                    🟢 ЗНАЙДЕНО РІШЕННЯ #18:
      0  1  2  3  4  5  6  7  8  9 10 11 12
    ┌───────────────────────────────────────┐
  0 │ 3  6           0  1  1  3  0  1  5  5 │
  1 │ 6  2     5     0  4  5  0  6  1  6  2 │
  2 │ 0  4     0     6  5  6  1  6  3       │
  3 │ 0  2  3  5  2  2  3  3        4       │
  4 │ 6  4  2  4  4  3  5  2        5  0  1 │
  5 │       1  3  4        2        1  4  2 │
    └───────────────────────────────────────┘

   🔢 Кількість використаних доміно: 27
═════════════════════════════════════════════════════════════

═════════════════════════════════════════════════════════════
                    🟢 ЗНАЙДЕНО РІШЕННЯ #19:
      0  1  2  3  4  5  6  7  8  9 10 11 12
    ┌───────────────────────────────────────┐
  0 │ 3  6           0  1  1  3  0  1  5  5 │
  1 │ 6  2     5     0  4  5  0  6  1  6  2 │
  2 │ 0  4     0     6  5  6  1  6  3       │
  3 │ 0  2  3  5  2  2  3  3        4       │
  4 │ 6  4  2  4  4  3  5  2        5  0  1 │
  5 │       1  4  4        2        1  4  2 │
    └───────────────────────────────────────┘

   🔢 Кількість використаних доміно: 27
═════════════════════════════════════════════════════════════

═════════════════════════════════════════════════════════════
                    🟢 ЗНАЙДЕНО РІШЕННЯ #20:
      0  1  2  3  4  5  6  7  8  9 10 11 12
    ┌───────────────────────────────────────┐
  0 │ 3  6           0  1  1  3  0  1  5  5 │
  1 │ 6  2     5     0  4  5  0  6  1  6  2 │
  2 │ 0  4     0     6  5  6  1  6  3       │
  3 │ 0  2  3  5  2  2  3  3        4       │
  4 │ 6  4  2  4  4  3  5  2        5  0  1 │
  5 │       1  1  4        2        1  4  2 │
    └───────────────────────────────────────┘

   🔢 Кількість використаних доміно: 27
═════════════════════════════════════════════════════════════

═════════════════════════════════════════════════════════════
                    🟢 ЗНАЙДЕНО РІШЕННЯ #21:
      0  1  2  3  4  5  6  7  8  9 10 11 12
    ┌───────────────────────────────────────┐
  0 │ 3  6           0  1  1  3  0  1  5  5 │
  1 │ 6  2     3     0  4  5  1  6  1  6  2 │
  2 │ 0  4     0     6  5  6  1  6  3       │
  3 │ 0  2  3  5  2  2  3  3        4       │
  4 │ 6  4  2  4  4  3  5  2        5  0  1 │
  5 │       1  5  4        2        1  4  2 │
    └───────────────────────────────────────┘

   🔢 Кількість використаних доміно: 27
═════════════════════════════════════════════════════════════

═════════════════════════════════════════════════════════════
                    🟢 ЗНАЙДЕНО РІШЕННЯ #22:
      0  1  2  3  4  5  6  7  8  9 10 11 12
    ┌───────────────────────────────────────┐
  0 │ 3  6           0  1  1  3  0  1  5  5 │
  1 │ 6  2     3     0  4  5  1  6  1  6  2 │
  2 │ 0  4     0     6  5  6  1  6  3       │
  3 │ 0  2  3  5  2  2  3  3        4       │
  4 │ 6  4  2  4  4  3  5  2        5  0  1 │
  5 │       1  4  4        2        1  4  2 │
    └───────────────────────────────────────┘

   🔢 Кількість використаних доміно: 27
═════════════════════════════════════════════════════════════

═════════════════════════════════════════════════════════════
                    🟢 ЗНАЙДЕНО РІШЕННЯ #23:
      0  1  2  3  4  5  6  7  8  9 10 11 12
    ┌───────────────────────────────────────┐
  0 │ 3  6           0  1  1  3  0  1  5  5 │
  1 │ 6  2     3     0  4  5  1  6  1  6  2 │
  2 │ 0  4     0     6  5  6  1  6  3       │
  3 │ 0  2  3  5  2  2  3  3        4       │
  4 │ 6  4  2  4  4  3  5  2        5  0  1 │
  5 │       1  0  4        2        1  4  2 │
    └───────────────────────────────────────┘

   🔢 Кількість використаних доміно: 27
═════════════════════════════════════════════════════════════

═════════════════════════════════════════════════════════════
                    🟢 ЗНАЙДЕНО РІШЕННЯ #24:
      0  1  2  3  4  5  6  7  8  9 10 11 12
    ┌───────────────────────────────────────┐
  0 │ 3  6           0  1  1  3  0  1  5  5 │
  1 │ 6  2     3     0  4  5  1  6  1  6  2 │
  2 │ 0  4     0     6  5  6  1  6  3       │
  3 │ 0  2  3  5  2  2  3  3        4       │
  4 │ 6  4  2  4  4  3  5  2        5  0  1 │
  5 │       1  1  4        2        1  4  2 │
    └───────────────────────────────────────┘

   🔢 Кількість використаних доміно: 27
═════════════════════════════════════════════════════════════

═════════════════════════════════════════════════════════════
                    🟢 ЗНАЙДЕНО РІШЕННЯ #25:
      0  1  2  3  4  5  6  7  8  9 10 11 12
    ┌───────────────────────────────────────┐
  0 │ 3  6           0  1  1  3  0  1  5  5 │
  1 │ 6  2     3     0  4  5  1  6  1  6  2 │
  2 │ 0  4     0     6  5  6  1  6  3       │
  3 │ 0  2  3  5  2  2  3  3        4       │
  4 │ 6  4  2  4  4  3  5  2        5  0  1 │
  5 │       1  5  4        2        1  4  2 │
    └───────────────────────────────────────┘

   🔢 Кількість використаних доміно: 27
═════════════════════════════════════════════════════════════

═════════════════════════════════════════════════════════════
                    🟢 ЗНАЙДЕНО РІШЕННЯ #26:
      0  1  2  3  4  5  6  7  8  9 10 11 12
    ┌───────────────────────────────────────┐
  0 │ 3  6           0  1  1  3  0  1  5  5 │
  1 │ 6  2     3     0  4  5  1  6  1  6  2 │
  2 │ 0  4     0     6  5  6  1  6  3       │
  3 │ 0  2  3  5  2  2  3  3        4       │
  4 │ 6  4  2  4  4  3  5  2        5  0  1 │
  5 │       1  4  4        2        1  4  2 │
    └───────────────────────────────────────┘

   🔢 Кількість використаних доміно: 27
═════════════════════════════════════════════════════════════

═════════════════════════════════════════════════════════════
                    🟢 ЗНАЙДЕНО РІШЕННЯ #27:
      0  1  2  3  4  5  6  7  8  9 10 11 12
    ┌───────────────────────────────────────┐
  0 │ 3  6           0  1  1  3  0  1  5  5 │
  1 │ 6  2     3     0  4  5  1  6  1  6  2 │
  2 │ 0  4     0     6  5  6  1  6  3       │
  3 │ 0  2  3  5  2  2  3  3        4       │
  4 │ 6  4  2  4  4  3  5  2        5  0  1 │
  5 │       1  0  4        2        1  4  2 │
    └───────────────────────────────────────┘

   🔢 Кількість використаних доміно: 27
═════════════════════════════════════════════════════════════

═════════════════════════════════════════════════════════════
                    🟢 ЗНАЙДЕНО РІШЕННЯ #28:
      0  1  2  3  4  5  6  7  8  9 10 11 12
    ┌───────────────────────────────────────┐
  0 │ 3  6           0  1  1  3  0  1  5  5 │
  1 │ 6  2     3     0  4  5  1  6  1  6  2 │
  2 │ 0  4     0     6  5  6  1  6  3       │
  3 │ 0  2  3  5  2  2  3  3        4       │
  4 │ 6  4  2  4  4  3  5  2        5  0  1 │
  5 │       1  1  4        2        1  4  2 │
    └───────────────────────────────────────┘

   🔢 Кількість використаних доміно: 27
═════════════════════════════════════════════════════════════

═════════════════════════════════════════════════════════════
                    🟢 ЗНАЙДЕНО РІШЕННЯ #29:
      0  1  2  3  4  5  6  7  8  9 10 11 12
    ┌───────────────────────────────────────┐
  0 │ 3  6           0  1  1  3  0  1  5  5 │
  1 │ 6  2     4     0  4  5  1  6  1  6  2 │
  2 │ 0  4     0     6  5  6  1  6  3       │
  3 │ 0  2  3  5  2  2  3  3        0       │
  4 │ 6  4  2  4  4  3  5  2        5  0  1 │
  5 │       1  5  4        2        1  4  2 │
    └───────────────────────────────────────┘

   🔢 Кількість використаних доміно: 27
═════════════════════════════════════════════════════════════

═════════════════════════════════════════════════════════════
                    🟢 ЗНАЙДЕНО РІШЕННЯ #30:
      0  1  2  3  4  5  6  7  8  9 10 11 12
    ┌───────────────────────────────────────┐
  0 │ 3  6           0  1  1  3  0  1  5  5 │
  1 │ 6  2     4     0  4  5  1  6  1  6  2 │
  2 │ 0  4     0     6  5  6  1  6  3       │
  3 │ 0  2  3  5  2  2  3  3        0       │
  4 │ 6  4  2  4  4  3  5  2        5  0  1 │
  5 │       1  3  4        2        1  4  2 │
    └───────────────────────────────────────┘

   🔢 Кількість використаних доміно: 27
═════════════════════════════════════════════════════════════

═════════════════════════════════════════════════════════════
                    🟢 ЗНАЙДЕНО РІШЕННЯ #31:
      0  1  2  3  4  5  6  7  8  9 10 11 12
    ┌───────────────────────────────────────┐
  0 │ 3  6           0  1  1  3  0  1  5  5 │
  1 │ 6  2     4     0  4  5  1  6  1  6  2 │
  2 │ 0  4     0     6  5  6  1  6  3       │
  3 │ 0  2  3  5  2  2  3  3        4       │
  4 │ 6  4  2  4  4  3  5  2        5  0  1 │
  5 │       1  5  4        2        1  4  2 │
    └───────────────────────────────────────┘

   🔢 Кількість використаних доміно: 27
═════════════════════════════════════════════════════════════

═════════════════════════════════════════════════════════════
                    🟢 ЗНАЙДЕНО РІШЕННЯ #32:
      0  1  2  3  4  5  6  7  8  9 10 11 12
    ┌───────────────────────────────────────┐
  0 │ 3  6           0  1  1  3  0  1  5  5 │
  1 │ 6  2     4     0  4  5  1  6  1  6  2 │
  2 │ 0  4     0     6  5  6  1  6  3       │
  3 │ 0  2  3  5  2  2  3  3        0       │
  4 │ 6  4  2  4  4  3  5  2        5  0  1 │
  5 │       1  5  4        2        1  4  2 │
    └───────────────────────────────────────┘

   🔢 Кількість використаних доміно: 27
═════════════════════════════════════════════════════════════

═════════════════════════════════════════════════════════════
                    🟢 ЗНАЙДЕНО РІШЕННЯ #33:
      0  1  2  3  4  5  6  7  8  9 10 11 12
    ┌───────────────────────────────────────┐
  0 │ 3  6           0  1  1  3  0  1  5  5 │
  1 │ 6  2     4     0  4  5  1  6  1  6  2 │
  2 │ 0  4     0     6  5  6  1  6  3       │
  3 │ 0  2  3  5  2  2  3  3        0       │
  4 │ 6  4  2  4  4  3  5  2        5  0  1 │
  5 │       1  3  4        2        1  4  2 │
    └───────────────────────────────────────┘

   🔢 Кількість використаних доміно: 27
═════════════════════════════════════════════════════════════

═════════════════════════════════════════════════════════════
                    🟢 ЗНАЙДЕНО РІШЕННЯ #34:
      0  1  2  3  4  5  6  7  8  9 10 11 12
    ┌───────────────────────────────────────┐
  0 │ 3  6           0  1  1  3  0  1  5  5 │
  1 │ 6  2     4     0  4  5  1  6  1  6  2 │
  2 │ 0  4     0     6  5  6  1  6  3       │
  3 │ 0  2  3  5  2  2  3  3        4       │
  4 │ 6  4  2  4  4  3  5  2        5  0  1 │
  5 │       1  5  4        2        1  4  2 │
    └───────────────────────────────────────┘

   🔢 Кількість використаних доміно: 27
═════════════════════════════════════════════════════════════

═════════════════════════════════════════════════════════════
                    🟢 ЗНАЙДЕНО РІШЕННЯ #35:
      0  1  2  3  4  5  6  7  8  9 10 11 12
    ┌───────────────────────────────────────┐
  0 │ 3  6           0  1  1  3  0  1  5  5 │
  1 │ 6  2     5     0  4  5  1  6  1  6  2 │
  2 │ 0  4     0     6  5  6  1  6  3       │
  3 │ 0  2  3  5  2  2  3  3        0       │
  4 │ 6  4  2  4  4  3  5  2        5  0  1 │
  5 │       1  4  4        2        1  4  2 │
    └───────────────────────────────────────┘

   🔢 Кількість використаних доміно: 27
═════════════════════════════════════════════════════════════

═════════════════════════════════════════════════════════════
                    🟢 ЗНАЙДЕНО РІШЕННЯ #36:
      0  1  2  3  4  5  6  7  8  9 10 11 12
    ┌───────────────────────────────────────┐
  0 │ 3  6           0  1  1  3  0  1  5  5 │
  1 │ 6  2     5     0  4  5  1  6  1  6  2 │
  2 │ 0  4     0     6  5  6  1  6  3       │
  3 │ 0  2  3  5  2  2  3  3        0       │
  4 │ 6  4  2  4  4  3  5  2        5  0  1 │
  5 │       1  1  4        2        1  4  2 │
    └───────────────────────────────────────┘

   🔢 Кількість використаних доміно: 27
═════════════════════════════════════════════════════════════

═════════════════════════════════════════════════════════════
                    🟢 ЗНАЙДЕНО РІШЕННЯ #37:
      0  1  2  3  4  5  6  7  8  9 10 11 12
    ┌───────────────────────────────────────┐
  0 │ 3  6           0  1  1  3  0  1  5  5 │
  1 │ 6  2     5     0  4  5  1  6  1  6  2 │
  2 │ 0  4     0     6  5  6  1  6  3       │
  3 │ 0  2  3  5  2  2  3  3        0       │
  4 │ 6  4  2  4  4  3  5  2        5  0  1 │
  5 │       1  3  4        2        1  4  2 │
    └───────────────────────────────────────┘

   🔢 Кількість використаних доміно: 27
═════════════════════════════════════════════════════════════

═════════════════════════════════════════════════════════════
                    🟢 ЗНАЙДЕНО РІШЕННЯ #38:
      0  1  2  3  4  5  6  7  8  9 10 11 12
    ┌───────────────────────────────────────┐
  0 │ 3  6           0  1  1  3  0  1  5  5 │
  1 │ 6  2     5     0  4  5  1  6  1  6  2 │
  2 │ 0  4     0     6  5  6  1  6  3       │
  3 │ 0  2  3  5  2  2  3  3        4       │
  4 │ 6  4  2  4  4  3  5  2        5  0  1 │
  5 │       1  4  4        2        1  4  2 │
    └───────────────────────────────────────┘

   🔢 Кількість використаних доміно: 27
═════════════════════════════════════════════════════════════

═════════════════════════════════════════════════════════════
                    🟢 ЗНАЙДЕНО РІШЕННЯ #39:
      0  1  2  3  4  5  6  7  8  9 10 11 12
    ┌───────────────────────────────────────┐
  0 │ 3  6           0  1  1  3  0  1  5  5 │
  1 │ 6  2     5     0  4  5  1  6  1  6  2 │
  2 │ 0  4     0     6  5  6  1  6  3       │
  3 │ 0  2  3  5  2  2  3  3        4       │
  4 │ 6  4  2  4  4  3  5  2        5  0  1 │
  5 │       1  1  4        2        1  4  2 │
    └───────────────────────────────────────┘

   🔢 Кількість використаних доміно: 27
═════════════════════════════════════════════════════════════

═════════════════════════════════════════════════════════════
                    🟢 ЗНАЙДЕНО РІШЕННЯ #40:
      0  1  2  3  4  5  6  7  8  9 10 11 12
    ┌───────────────────────────────────────┐
  0 │ 3  6           0  1  1  3  0  1  5  5 │
  1 │ 6  2     5     0  4  5  1  6  1  6  2 │
  2 │ 0  4     0     6  5  6  1  6  3       │
  3 │ 0  2  3  5  2  2  3  3        0       │
  4 │ 6  4  2  4  4  3  5  2        5  0  1 │
  5 │       1  4  4        2        1  4  2 │
    └───────────────────────────────────────┘

   🔢 Кількість використаних доміно: 27
═════════════════════════════════════════════════════════════

═════════════════════════════════════════════════════════════
                    🟢 ЗНАЙДЕНО РІШЕННЯ #41:
      0  1  2  3  4  5  6  7  8  9 10 11 12
    ┌───────────────────────────────────────┐
  0 │ 3  6           0  1  1  3  0  1  5  5 │
  1 │ 6  2     5     0  4  5  1  6  1  6  2 │
  2 │ 0  4     0     6  5  6  1  6  3       │
  3 │ 0  2  3  5  2  2  3  3        0       │
  4 │ 6  4  2  4  4  3  5  2        5  0  1 │
  5 │       1  1  4        2        1  4  2 │
    └───────────────────────────────────────┘

   🔢 Кількість використаних доміно: 27
═════════════════════════════════════════════════════════════

═════════════════════════════════════════════════════════════
                    🟢 ЗНАЙДЕНО РІШЕННЯ #42:
      0  1  2  3  4  5  6  7  8  9 10 11 12
    ┌───────────────────────────────────────┐
  0 │ 3  6           0  1  1  3  0  1  5  5 │
  1 │ 6  2     5     0  4  5  1  6  1  6  2 │
  2 │ 0  4     0     6  5  6  1  6  3       │
  3 │ 0  2  3  5  2  2  3  3        0       │
  4 │ 6  4  2  4  4  3  5  2        5  0  1 │
  5 │       1  3  4        2        1  4  2 │
    └───────────────────────────────────────┘

   🔢 Кількість використаних доміно: 27
═════════════════════════════════════════════════════════════

═════════════════════════════════════════════════════════════
                    🟢 ЗНАЙДЕНО РІШЕННЯ #43:
      0  1  2  3  4  5  6  7  8  9 10 11 12
    ┌───────────────────────────────────────┐
  0 │ 3  6           0  1  1  3  0  1  5  5 │
  1 │ 6  2     5     0  4  5  1  6  1  6  2 │
  2 │ 0  4     0     6  5  6  1  6  3       │
  3 │ 0  2  3  5  2  2  3  3        4       │
  4 │ 6  4  2  4  4  3  5  2        5  0  1 │
  5 │       1  4  4        2        1  4  2 │
    └───────────────────────────────────────┘

   🔢 Кількість використаних доміно: 27
═════════════════════════════════════════════════════════════

═════════════════════════════════════════════════════════════
                    🟢 ЗНАЙДЕНО РІШЕННЯ #44:
      0  1  2  3  4  5  6  7  8  9 10 11 12
    ┌───────────────────────────────────────┐
  0 │ 3  6           0  1  1  3  0  1  5  5 │
  1 │ 6  2     5     0  4  5  1  6  1  6  2 │
  2 │ 0  4     0     6  5  6  1  6  3       │
  3 │ 0  2  3  5  2  2  3  3        4       │
  4 │ 6  4  2  4  4  3  5  2        5  0  1 │
  5 │       1  1  4        2        1  4  2 │
    └───────────────────────────────────────┘

   🔢 Кількість використаних доміно: 27
═════════════════════════════════════════════════════════════

═════════════════════════════════════════════════════════════
                    🟢 ЗНАЙДЕНО РІШЕННЯ #45:
      0  1  2  3  4  5  6  7  8  9 10 11 12
    ┌───────────────────────────────────────┐
  0 │ 3  6           0  1  1  3  0  1  5  5 │
  1 │ 6  2     3     0  4  5  4  6  1  6  2 │
  2 │ 0  4     0     6  5  6  1  6  3       │
  3 │ 0  2  3  5  2  2  3  3        1       │
  4 │ 6  4  2  4  4  3  5  2        5  0  1 │
  5 │       1  5  4        2        1  4  2 │
    └───────────────────────────────────────┘

   🔢 Кількість використаних доміно: 27
═════════════════════════════════════════════════════════════

═════════════════════════════════════════════════════════════
                    🟢 ЗНАЙДЕНО РІШЕННЯ #46:
      0  1  2  3  4  5  6  7  8  9 10 11 12
    ┌───────────────────────────────────────┐
  0 │ 3  6           0  1  1  3  0  1  5  5 │
  1 │ 6  2     3     0  4  5  4  6  1  6  2 │
  2 │ 0  4     0     6  5  6  1  6  3       │
  3 │ 0  2  3  5  2  2  3  3        1       │
  4 │ 6  4  2  4  4  3  5  2        5  0  1 │
  5 │       1  4  4        2        1  4  2 │
    └───────────────────────────────────────┘

   🔢 Кількість використаних доміно: 27
═════════════════════════════════════════════════════════════

═════════════════════════════════════════════════════════════
                    🟢 ЗНАЙДЕНО РІШЕННЯ #47:
      0  1  2  3  4  5  6  7  8  9 10 11 12
    ┌───────────────────────────────────────┐
  0 │ 3  6           0  1  1  3  0  1  5  5 │
  1 │ 6  2     3     0  4  5  4  6  1  6  2 │
  2 │ 0  4     0     6  5  6  1  6  3       │
  3 │ 0  2  3  5  2  2  3  3        1       │
  4 │ 6  4  2  4  4  3  5  2        5  0  1 │
  5 │       1  0  4        2        1  4  2 │
    └───────────────────────────────────────┘

   🔢 Кількість використаних доміно: 27
═════════════════════════════════════════════════════════════

═════════════════════════════════════════════════════════════
                    🟢 ЗНАЙДЕНО РІШЕННЯ #48:
      0  1  2  3  4  5  6  7  8  9 10 11 12
    ┌───────────────────────────────────────┐
  0 │ 3  6           0  1  1  3  0  1  5  5 │
  1 │ 6  2     3     0  4  5  4  6  1  6  2 │
  2 │ 0  4     0     6  5  6  1  6  3       │
  3 │ 0  2  3  5  2  2  3  3        1       │
  4 │ 6  4  2  4  4  3  5  2        5  0  1 │
  5 │       1  1  4        2        1  4  2 │
    └───────────────────────────────────────┘

   🔢 Кількість використаних доміно: 27
═════════════════════════════════════════════════════════════

═════════════════════════════════════════════════════════════
                    🟢 ЗНАЙДЕНО РІШЕННЯ #49:
      0  1  2  3  4  5  6  7  8  9 10 11 12
    ┌───────────────────────────────────────┐
  0 │ 3  6           0  1  1  3  0  1  5  5 │
  1 │ 6  2     3     0  4  5  4  6  1  6  2 │
  2 │ 0  4     0     6  5  6  1  6  3       │
  3 │ 0  2  3  5  2  2  3  3        1       │
  4 │ 6  4  2  4  4  3  5  2        5  0  1 │
  5 │       1  5  4        2        1  4  2 │
    └───────────────────────────────────────┘

   🔢 Кількість використаних доміно: 27
═════════════════════════════════════════════════════════════

═════════════════════════════════════════════════════════════
                    🟢 ЗНАЙДЕНО РІШЕННЯ #50:
      0  1  2  3  4  5  6  7  8  9 10 11 12
    ┌───────────────────────────────────────┐
  0 │ 3  6           0  1  1  3  0  1  5  5 │
  1 │ 6  2     3     0  4  5  4  6  1  6  2 │
  2 │ 0  4     0     6  5  6  1  6  3       │
  3 │ 0  2  3  5  2  2  3  3        1       │
  4 │ 6  4  2  4  4  3  5  2        5  0  1 │
  5 │       1  4  4        2        1  4  2 │
    └───────────────────────────────────────┘

   🔢 Кількість використаних доміно: 27
═════════════════════════════════════════════════════════════

═════════════════════════════════════════════════════════════
                    🟢 ЗНАЙДЕНО РІШЕННЯ #51:
      0  1  2  3  4  5  6  7  8  9 10 11 12
    ┌───────────────────────────────────────┐
  0 │ 3  6           0  1  1  3  0  1  5  5 │
  1 │ 6  2     3     0  4  5  4  6  1  6  2 │
  2 │ 0  4     0     6  5  6  1  6  3       │
  3 │ 0  2  3  5  2  2  3  3        1       │
  4 │ 6  4  2  4  4  3  5  2        5  0  1 │
  5 │       1  0  4        2        1  4  2 │
    └───────────────────────────────────────┘

   🔢 Кількість використаних доміно: 27
═════════════════════════════════════════════════════════════

═════════════════════════════════════════════════════════════
                    🟢 ЗНАЙДЕНО РІШЕННЯ #52:
      0  1  2  3  4  5  6  7  8  9 10 11 12
    ┌───────────────────────────────────────┐
  0 │ 3  6           0  1  1  3  0  1  5  5 │
  1 │ 6  2     3     0  4  5  4  6  1  6  2 │
  2 │ 0  4     0     6  5  6  1  6  3       │
  3 │ 0  2  3  5  2  2  3  3        1       │
  4 │ 6  4  2  4  4  3  5  2        5  0  1 │
  5 │       1  1  4        2        1  4  2 │
    └───────────────────────────────────────┘

   🔢 Кількість використаних доміно: 27
═════════════════════════════════════════════════════════════

═════════════════════════════════════════════════════════════
                    🟢 ЗНАЙДЕНО РІШЕННЯ #53:
      0  1  2  3  4  5  6  7  8  9 10 11 12
    ┌───────────────────────────────────────┐
  0 │ 3  6           0  1  1  3  0  1  5  5 │
  1 │ 6  2     4     0  4  5  4  6  1  6  2 │
  2 │ 0  4     0     6  5  6  1  6  3       │
  3 │ 0  2  3  5  2  2  3  3        0       │
  4 │ 6  4  2  4  4  3  5  2        5  0  1 │
  5 │       1  3  4        2        1  4  2 │
    └───────────────────────────────────────┘

   🔢 Кількість використаних доміно: 27
═════════════════════════════════════════════════════════════

═════════════════════════════════════════════════════════════
                    🟢 ЗНАЙДЕНО РІШЕННЯ #54:
      0  1  2  3  4  5  6  7  8  9 10 11 12
    ┌───────────────────────────────────────┐
  0 │ 3  6           0  1  1  3  0  1  5  5 │
  1 │ 6  2     4     0  4  5  4  6  1  6  2 │
  2 │ 0  4     0     6  5  6  1  6  3       │
  3 │ 0  2  3  5  2  2  3  3        0       │
  4 │ 6  4  2  4  4  3  5  2        5  0  1 │
  5 │       1  5  4        2        1  4  2 │
    └───────────────────────────────────────┘

   🔢 Кількість використаних доміно: 27
═════════════════════════════════════════════════════════════

═════════════════════════════════════════════════════════════
                    🟢 ЗНАЙДЕНО РІШЕННЯ #55:
      0  1  2  3  4  5  6  7  8  9 10 11 12
    ┌───────────────────────────────────────┐
  0 │ 3  6           0  1  1  3  0  1  5  5 │
  1 │ 6  2     4     0  4  5  4  6  1  6  2 │
  2 │ 0  4     0     6  5  6  1  6  3       │
  3 │ 0  2  3  5  2  2  3  3        1       │
  4 │ 6  4  2  4  4  3  5  2        5  0  1 │
  5 │       1  5  4        2        1  4  2 │
    └───────────────────────────────────────┘

   🔢 Кількість використаних доміно: 27
═════════════════════════════════════════════════════════════

═════════════════════════════════════════════════════════════
                    🟢 ЗНАЙДЕНО РІШЕННЯ #56:
      0  1  2  3  4  5  6  7  8  9 10 11 12
    ┌───────────────────────────────────────┐
  0 │ 3  6           0  1  1  3  0  1  5  5 │
  1 │ 6  2     4     0  4  5  4  6  1  6  2 │
  2 │ 0  4     0     6  5  6  1  6  3       │
  3 │ 0  2  3  5  2  2  3  3        0       │
  4 │ 6  4  2  4  4  3  5  2        5  0  1 │
  5 │       1  3  4        2        1  4  2 │
    └───────────────────────────────────────┘

   🔢 Кількість використаних доміно: 27
═════════════════════════════════════════════════════════════

═════════════════════════════════════════════════════════════
                    🟢 ЗНАЙДЕНО РІШЕННЯ #57:
      0  1  2  3  4  5  6  7  8  9 10 11 12
    ┌───────────────────────────────────────┐
  0 │ 3  6           0  1  1  3  0  1  5  5 │
  1 │ 6  2     4     0  4  5  4  6  1  6  2 │
  2 │ 0  4     0     6  5  6  1  6  3       │
  3 │ 0  2  3  5  2  2  3  3        0       │
  4 │ 6  4  2  4  4  3  5  2        5  0  1 │
  5 │       1  5  4        2        1  4  2 │
    └───────────────────────────────────────┘

   🔢 Кількість використаних доміно: 27
═════════════════════════════════════════════════════════════

═════════════════════════════════════════════════════════════
                    🟢 ЗНАЙДЕНО РІШЕННЯ #58:
      0  1  2  3  4  5  6  7  8  9 10 11 12
    ┌───────────────────────────────────────┐
  0 │ 3  6           0  1  1  3  0  1  5  5 │
  1 │ 6  2     4     0  4  5  4  6  1  6  2 │
  2 │ 0  4     0     6  5  6  1  6  3       │
  3 │ 0  2  3  5  2  2  3  3        1       │
  4 │ 6  4  2  4  4  3  5  2        5  0  1 │
  5 │       1  5  4        2        1  4  2 │
    └───────────────────────────────────────┘

   🔢 Кількість використаних доміно: 27
═════════════════════════════════════════════════════════════

═════════════════════════════════════════════════════════════
                    🟢 ЗНАЙДЕНО РІШЕННЯ #59:
      0  1  2  3  4  5  6  7  8  9 10 11 12
    ┌───────────────────────────────────────┐
  0 │ 3  6           0  1  1  3  0  1  5  5 │
  1 │ 6  2     5     0  4  5  4  6  1  6  2 │
  2 │ 0  4     0     6  5  6  1  6  3       │
  3 │ 0  2  3  5  2  2  3  3        0       │
  4 │ 6  4  2  4  4  3  5  2        5  0  1 │
  5 │       1  3  4        2        1  4  2 │
    └───────────────────────────────────────┘

   🔢 Кількість використаних доміно: 27
═════════════════════════════════════════════════════════════

═════════════════════════════════════════════════════════════
                    🟢 ЗНАЙДЕНО РІШЕННЯ #60:
      0  1  2  3  4  5  6  7  8  9 10 11 12
    ┌───────────────────────────────────────┐
  0 │ 3  6           0  1  1  3  0  1  5  5 │
  1 │ 6  2     5     0  4  5  4  6  1  6  2 │
  2 │ 0  4     0     6  5  6  1  6  3       │
  3 │ 0  2  3  5  2  2  3  3        0       │
  4 │ 6  4  2  4  4  3  5  2        5  0  1 │
  5 │       1  4  4        2        1  4  2 │
    └───────────────────────────────────────┘

   🔢 Кількість використаних доміно: 27
═════════════════════════════════════════════════════════════

═════════════════════════════════════════════════════════════
                    🟢 ЗНАЙДЕНО РІШЕННЯ #61:
      0  1  2  3  4  5  6  7  8  9 10 11 12
    ┌───────────────────────────────────────┐
  0 │ 3  6           0  1  1  3  0  1  5  5 │
  1 │ 6  2     5     0  4  5  4  6  1  6  2 │
  2 │ 0  4     0     6  5  6  1  6  3       │
  3 │ 0  2  3  5  2  2  3  3        0       │
  4 │ 6  4  2  4  4  3  5  2        5  0  1 │
  5 │       1  1  4        2        1  4  2 │
    └───────────────────────────────────────┘

   🔢 Кількість використаних доміно: 27
═════════════════════════════════════════════════════════════

═════════════════════════════════════════════════════════════
                    🟢 ЗНАЙДЕНО РІШЕННЯ #62:
      0  1  2  3  4  5  6  7  8  9 10 11 12
    ┌───────────────────────────────────────┐
  0 │ 3  6           0  1  1  3  0  1  5  5 │
  1 │ 6  2     5     0  4  5  4  6  1  6  2 │
  2 │ 0  4     0     6  5  6  1  6  3       │
  3 │ 0  2  3  5  2  2  3  3        1       │
  4 │ 6  4  2  4  4  3  5  2        5  0  1 │
  5 │       1  4  4        2        1  4  2 │
    └───────────────────────────────────────┘

   🔢 Кількість використаних доміно: 27
═════════════════════════════════════════════════════════════

═════════════════════════════════════════════════════════════
                    🟢 ЗНАЙДЕНО РІШЕННЯ #63:
      0  1  2  3  4  5  6  7  8  9 10 11 12
    ┌───────────────────────────────────────┐
  0 │ 3  6           0  1  1  3  0  1  5  5 │
  1 │ 6  2     5     0  4  5  4  6  1  6  2 │
  2 │ 0  4     0     6  5  6  1  6  3       │
  3 │ 0  2  3  5  2  2  3  3        1       │
  4 │ 6  4  2  4  4  3  5  2        5  0  1 │
  5 │       1  1  4        2        1  4  2 │
    └───────────────────────────────────────┘

   🔢 Кількість використаних доміно: 27
═════════════════════════════════════════════════════════════

═════════════════════════════════════════════════════════════
                    🟢 ЗНАЙДЕНО РІШЕННЯ #64:
      0  1  2  3  4  5  6  7  8  9 10 11 12
    ┌───────────────────────────────────────┐
  0 │ 3  6           0  1  1  3  0  1  5  5 │
  1 │ 6  2     5     0  4  5  4  6  1  6  2 │
  2 │ 0  4     0     6  5  6  1  6  3       │
  3 │ 0  2  3  5  2  2  3  3        0       │
  4 │ 6  4  2  4  4  3  5  2        5  0  1 │
  5 │       1  3  4        2        1  4  2 │
    └───────────────────────────────────────┘

   🔢 Кількість використаних доміно: 27
═════════════════════════════════════════════════════════════

═════════════════════════════════════════════════════════════
                    🟢 ЗНАЙДЕНО РІШЕННЯ #65:
      0  1  2  3  4  5  6  7  8  9 10 11 12
    ┌───────────────────────────────────────┐
  0 │ 3  6           0  1  1  3  0  1  5  5 │
  1 │ 6  2     5     0  4  5  4  6  1  6  2 │
  2 │ 0  4     0     6  5  6  1  6  3       │
  3 │ 0  2  3  5  2  2  3  3        0       │
  4 │ 6  4  2  4  4  3  5  2        5  0  1 │
  5 │       1  4  4        2        1  4  2 │
    └───────────────────────────────────────┘

   🔢 Кількість використаних доміно: 27
═════════════════════════════════════════════════════════════

═════════════════════════════════════════════════════════════
                    🟢 ЗНАЙДЕНО РІШЕННЯ #66:
      0  1  2  3  4  5  6  7  8  9 10 11 12
    ┌───────────────────────────────────────┐
  0 │ 3  6           0  1  1  3  0  1  5  5 │
  1 │ 6  2     5     0  4  5  4  6  1  6  2 │
  2 │ 0  4     0     6  5  6  1  6  3       │
  3 │ 0  2  3  5  2  2  3  3        0       │
  4 │ 6  4  2  4  4  3  5  2        5  0  1 │
  5 │       1  1  4        2        1  4  2 │
    └───────────────────────────────────────┘

   🔢 Кількість використаних доміно: 27
═════════════════════════════════════════════════════════════

═════════════════════════════════════════════════════════════
                    🟢 ЗНАЙДЕНО РІШЕННЯ #67:
      0  1  2  3  4  5  6  7  8  9 10 11 12
    ┌───────────────────────────────────────┐
  0 │ 3  6           0  1  1  3  0  1  5  5 │
  1 │ 6  2     5     0  4  5  4  6  1  6  2 │
  2 │ 0  4     0     6  5  6  1  6  3       │
  3 │ 0  2  3  5  2  2  3  3        1       │
  4 │ 6  4  2  4  4  3  5  2        5  0  1 │
  5 │       1  4  4        2        1  4  2 │
    └───────────────────────────────────────┘

   🔢 Кількість використаних доміно: 27
═════════════════════════════════════════════════════════════

═════════════════════════════════════════════════════════════
                    🟢 ЗНАЙДЕНО РІШЕННЯ #68:
      0  1  2  3  4  5  6  7  8  9 10 11 12
    ┌───────────────────────────────────────┐
  0 │ 3  6           0  1  1  3  0  1  5  5 │
  1 │ 6  2     5     0  4  5  4  6  1  6  2 │
  2 │ 0  4     0     6  5  6  1  6  3       │
  3 │ 0  2  3  5  2  2  3  3        1       │
  4 │ 6  4  2  4  4  3  5  2        5  0  1 │
  5 │       1  1  4        2        1  4  2 │
    └───────────────────────────────────────┘

   🔢 Кількість використаних доміно: 27
═════════════════════════════════════════════════════════════

═════════════════════════════════════════════════════════════
                    🟢 ЗНАЙДЕНО РІШЕННЯ #69:
      0  1  2  3  4  5  6  7  8  9 10 11 12
    ┌───────────────────────────────────────┐
  0 │ 3  6           0  1  1  3  0  1  5  5 │
  1 │ 6  2     3     0  4  5  0  6  1  6  2 │
  2 │ 0  4     0     6  5  6  1  6  3       │
  3 │ 0  2  3  5  2  2  3  3        4       │
  4 │ 6  4  2  4  4  3  5  2        5  0  1 │
  5 │       1  1  4        2        1  4  2 │
    └───────────────────────────────────────┘

   🔢 Кількість використаних доміно: 27
═════════════════════════════════════════════════════════════

═════════════════════════════════════════════════════════════
                    🟢 ЗНАЙДЕНО РІШЕННЯ #70:
      0  1  2  3  4  5  6  7  8  9 10 11 12
    ┌───────────────────────────────────────┐
  0 │ 3  6           0  1  1  3  0  1  5  5 │
  1 │ 6  2     3     0  4  5  0  6  1  6  2 │
  2 │ 0  4     0     6  5  6  1  6  3       │
  3 │ 0  2  3  5  2  2  3  3        4       │
  4 │ 6  4  2  4  4  3  5  2        5  0  1 │
  5 │       1  5  4        2        1  4  2 │
    └───────────────────────────────────────┘

   🔢 Кількість використаних доміно: 27
═════════════════════════════════════════════════════════════

═════════════════════════════════════════════════════════════
                    🟢 ЗНАЙДЕНО РІШЕННЯ #71:
      0  1  2  3  4  5  6  7  8  9 10 11 12
    ┌───────────────────────────────────────┐
  0 │ 3  6           0  1  1  3  0  1  5  5 │
  1 │ 6  2     3     0  4  5  4  6  1  6  2 │
  2 │ 0  4     0     6  5  6  1  6  3       │
  3 │ 0  2  3  5  2  2  3  3        4       │
  4 │ 6  4  2  4  4  3  5  2        5  0  1 │
  5 │       1  1  4        2        1  4  2 │
    └───────────────────────────────────────┘

   🔢 Кількість використаних доміно: 27
═════════════════════════════════════════════════════════════

═════════════════════════════════════════════════════════════
                    🟢 ЗНАЙДЕНО РІШЕННЯ #72:
      0  1  2  3  4  5  6  7  8  9 10 11 12
    ┌───────────────────────────────────────┐
  0 │ 3  6           0  1  1  3  0  1  5  5 │
  1 │ 6  2     5     0  4  5  4  6  1  6  2 │
  2 │ 0  4     0     6  5  6  1  6  3       │
  3 │ 0  2  3  5  2  2  3  3        0       │
  4 │ 6  4  2  4  4  3  5  2        5  0  1 │
  5 │       1  1  4        2        1  4  2 │
    └───────────────────────────────────────┘

   🔢 Кількість використаних доміно: 27
═════════════════════════════════════════════════════════════

═════════════════════════════════════════════════════════════
                    🟢 ЗНАЙДЕНО РІШЕННЯ #73:
      0  1  2  3  4  5  6  7  8  9 10 11 12
    ┌───────────────────────────────────────┐
  0 │ 3  6           0  1  1  3  0  1  5  5 │
  1 │ 6  2     5     0  4  5  4  6  1  6  2 │
  2 │ 0  4     0     6  5  6  1  6  3       │
  3 │ 0  2  3  5  2  2  3  3        0       │
  4 │ 6  4  2  4  4  3  5  2        5  0  1 │
  5 │       1  3  4        2        1  4  2 │
    └───────────────────────────────────────┘

   🔢 Кількість використаних доміно: 27
═════════════════════════════════════════════════════════════

═════════════════════════════════════════════════════════════
                    🟢 ЗНАЙДЕНО РІШЕННЯ #74:
      0  1  2  3  4  5  6  7  8  9 10 11 12
    ┌───────────────────────────────────────┐
  0 │ 3  6           0  1  1  3  0  1  5  5 │
  1 │ 6  2     5     0  4  5  4  6  1  6  2 │
  2 │ 0  4     0     6  5  6  1  6  3       │
  3 │ 0  2  3  5  2  2  3  3        4       │
  4 │ 6  4  2  4  4  3  5  2        5  0  1 │
  5 │       1  1  4        2        1  4  2 │
    └───────────────────────────────────────┘

   🔢 Кількість використаних доміно: 27
═════════════════════════════════════════════════════════════

═════════════════════════════════════════════════════════════
                    🟢 ЗНАЙДЕНО РІШЕННЯ #75:
      0  1  2  3  4  5  6  7  8  9 10 11 12
    ┌───────────────────────────────────────┐
  0 │ 3  6           0  1  1  3  0  1  5  5 │
  1 │ 6  2     1     0  4  5  6  6  1  6  2 │
  2 │ 0  4     0     6  5  6  1  4  3       │
  3 │ 0  2  3  5  2  2  3  3        0       │
  4 │ 6  4  2  4  4  3  5  2        5  0  1 │
  5 │       1  3  4        5        1  4  2 │
    └───────────────────────────────────────┘

   🔢 Кількість використаних доміно: 28
═════════════════════════════════════════════════════════════

═════════════════════════════════════════════════════════════
                    🟢 ЗНАЙДЕНО РІШЕННЯ #76:
      0  1  2  3  4  5  6  7  8  9 10 11 12
    ┌───────────────────────────────────────┐
  0 │ 3  6           0  1  1  3  0  1  5  5 │
  1 │ 6  2     1     0  4  5  6  6  1  6  2 │
  2 │ 0  4     0     6  5  6  1  5  3       │
  3 │ 0  2  3  5  2  2  3  3        0       │
  4 │ 6  4  2  4  4  3  5  2        5  0  1 │
  5 │       1  3  4        .        1  4  2 │
    └───────────────────────────────────────┘

   🔢 Кількість використаних доміно: 27
═════════════════════════════════════════════════════════════

═════════════════════════════════════════════════════════════
                    🟢 ЗНАЙДЕНО РІШЕННЯ #77:
      0  1  2  3  4  5  6  7  8  9 10 11 12
    ┌───────────────────────────────────────┐
  0 │ 3  6           0  1  1  3  0  1  5  5 │
  1 │ 6  2     5     0  4  5  6  6  1  6  2 │
  2 │ 0  4     0     6  5  6  1  1  3       │
  3 │ 0  2  3  5  2  2  3  3        3       │
  4 │ 6  4  2  4  4  3  5  2        5  0  1 │
  5 │       1  0  4        .        1  4  2 │
    └───────────────────────────────────────┘

   🔢 Кількість використаних доміно: 27
═════════════════════════════════════════════════════════════

═════════════════════════════════════════════════════════════
                    🟢 ЗНАЙДЕНО РІШЕННЯ #78:
      0  1  2  3  4  5  6  7  8  9 10 11 12
    ┌───────────────────────────────────────┐
  0 │ 3  6           0  1  1  3  0  1  5  5 │
  1 │ 6  2     5     0  4  5  0  6  1  6  2 │
  2 │ 0  4     0     6  5  6  1  6  3       │
  3 │ 0  2  3  5  2  2  3  3        3       │
  4 │ 6  4  2  4  4  3  5  2        5  0  1 │
  5 │       1  1  4        .        1  4  2 │
    └───────────────────────────────────────┘

   🔢 Кількість використаних доміно: 27
═════════════════════════════════════════════════════════════

═════════════════════════════════════════════════════════════
                    🟢 ЗНАЙДЕНО РІШЕННЯ #79:
      0  1  2  3  4  5  6  7  8  9 10 11 12
    ┌───────────────────────────────────────┐
  0 │ 3  6           0  1  1  3  0  1  5  5 │
  1 │ 6  2     3     0  4  5  4  6  1  6  2 │
  2 │ 0  4     0     6  5  6  1  6  3       │
  3 │ 0  2  3  5  2  2  3  3        0       │
  4 │ 6  4  2  4  4  3  5  2        5  0  1 │
  5 │       1  1  4        5        1  4  2 │
    └───────────────────────────────────────┘

   🔢 Кількість використаних доміно: 28
═════════════════════════════════════════════════════════════

═════════════════════════════════════════════════════════════
                    🟢 ЗНАЙДЕНО РІШЕННЯ #80:
      0  1  2  3  4  5  6  7  8  9 10 11 12
    ┌───────────────────────────────────────┐
  0 │ 3  6           0  1  1  3  0  1  5  5 │
  1 │ 6  2     3     0  4  5  5  6  1  6  2 │
  2 │ 0  4     0     6  5  6  1  6  3       │
  3 │ 0  2  3  5  2  2  3  3        0       │
  4 │ 6  4  2  4  4  3  5  2        5  0  1 │
  5 │       1  1  4        .        1  4  2 │
    └───────────────────────────────────────┘

   🔢 Кількість використаних доміно: 27
═════════════════════════════════════════════════════════════

✅ Загальна кількість рішень: 80
